"TIME","Out"
0,3.27266e-005
9.887293143e-008,3.27278e-005
3.675910863e-007,3.27315e-005
1.071658175e-006,3.27296e-005
1.501607222e-006,3.27259e-005
1.010058818e-005,3.27291e-005
1.927283453e-005,3.27371e-005
2.778030135e-005,3.27534e-005
4.052384472e-005,3.28138e-005
5.501377671e-005,3.2999e-005
7.596868175e-005,3.38049e-005
0.000103084031,3.70622e-005
0.0001341646893,4.7307e-005
0.0001646902226,6.9711e-005
0.0002032903817,0.000129626
0.0002461097627,0.000264556
0.0002978146178,0.000583904
0.0003590983168,0.00131081
0.0004344998862,0.00300389
0.0005275918733,0.00691423
0.0006456232016,0.0160732
0.0007985157381,0.0376503
0.001002262767,0.0885784
0.001301628276,0.216892
0.001692548891,0.474831
0.002135175901,0.852081
0.002738765227,1.39715
0.003324116986,1.85175
0.003859651828,2.14555
0.004377254114,2.30252
0.004922782492,2.34904
0.005443387239,2.31143
0.006148515294,2.2003
0.006809859877,2.08547
0.007447693581,1.9974
0.007958826379,1.95244
0.008507975078,1.93052
0.009004688868,1.92999
0.009609298999,1.94461
0.01066599418,1.98287
0.01120227446,1.99852
0.01171137213,2.00835
0.01226734485,2.01346
0.01250704,2.01401
0.01263126276,2.01391
0.01273234987,2.01352
0.01280226111,2.01286
0.01289449947,2.01107
0.0130238697,2.00548
0.01322303391,1.98485
0.01346559443,1.93083
0.01370369819,1.8396
0.01392131923,1.72048
0.01412297119,1.58086
0.01431833443,1.42258
0.01452828033,1.23391
0.01472525992,1.04639
0.01494117306,0.837868
0.0151843622,0.609807
0.01542004963,0.404399
0.01566105366,0.217325
0.01588928066,0.0657625
0.01611712387,-0.0585746
0.01633796342,-0.152989
0.01656055285,-0.223048
0.01678142266,-0.269477
0.01700518236,-0.295606
0.01722882323,-0.303662
0.01745425488,-0.296743
0.01767912649,-0.278048
0.01790434411,-0.250661
0.01812849409,-0.217674
0.01835210081,-0.181625
0.01857419077,-0.144872
0.0188033563,-0.10785
0.01907223632,-0.0676398
0.01939978849,-0.0255994
0.01982871244,0.015789
0.02041980646,0.0479242
0.02096855789,0.056144
0.02157028148,0.0490123
0.02218878344,0.032886
0.02275567449,0.0165185
0.02327704391,0.00367295
0.02379881885,-0.00531352
0.02435683998,-0.0103081
0.02490408062,-0.0113023
0.02500126003,-0.0111066
0.02501047262,-0.0110824
0.02503900192,-0.0110029
0.02507704099,-0.0108852
0.02514163634,-0.0106364
0.02521140081,-0.0102337
0.02529375925,-0.00938977
0.02539336147,-0.00733849
0.02550417756,-0.00277378
0.02562627898,0.00658685
0.02576174541,0.024506
0.02594336054,0.0650984
0.02620207218,0.162414
0.02660534432,0.406453
0.02700608379,0.735004
0.02758786627,1.2647
0.02817002423,1.74601
0.02871900282,2.0838
0.02924927698,2.27695
0.02977913815,2.34809
0.03028230923,2.32938
0.03090845227,2.24075
0.03148493779,2.13691
0.03204551582,2.04484
0.03257297269,1.98073
0.03309506452,1.94339
0.03361645833,1.92986
0.03414741554,1.9343
0.03482637473,1.95417
0.03544414101,1.97633
0.03601696495,1.99431
0.03653473323,2.00586
0.03711104514,2.0127
0.03750704,2.01407
0.03763094334,2.01396
0.03773173577,2.01355
0.03780261325,2.01288
0.03789477469,2.01108
0.03802503415,2.0054
0.038224463,1.9846
0.03846695744,1.93038
0.03870489886,1.83898
0.03892242817,1.71973
0.03912405725,1.57998
0.03931943365,1.42157
0.03952934719,1.23286
0.03972635789,1.04528
0.03994241245,0.836632
0.04018581981,0.608443
0.04042142035,0.403233
0.04066246366,0.216286
0.04089057956,0.0649588
0.04111842412,-0.0592169
0.04133920582,-0.153455
0.04156181516,-0.223378
0.04178267066,-0.269676
0.04200645686,-0.295695
0.04223009543,-0.303655
0.04245554232,-0.296658
0.042680408,-0.277905
0.04290562867,-0.250476
0.04312976946,-0.217466
0.04335337248,-0.181407
0.04357545062,-0.144656
0.04380481137,-0.107615
0.04407395646,-0.0673923
0.04440198543,-0.0253434
0.0448316386,0.0160185
0.04542398723,0.0480599
0.04597208213,0.0561441
0.04657492277,0.0489167
0.04719235452,0.0327823
0.0477595721,0.0164121
0.04827997319,0.00361073
0.04880153311,-0.00534941
0.04935905627,-0.0103188
0.04990617217,-0.011299
0.05000126003,-0.0111063
0.05001047252,-0.0110821
0.05003900154,-0.0110026
0.05007704022,-0.0108848
0.05014164085,-0.010636
0.0502114084,-0.0102331
0.05029377168,-0.00938906
0.05039337839,-0.0073374
0.05050420025,-0.00277185
0.05062628742,0.00658834
0.05076175952,0.024509
0.05094337646,0.0651035
0.05120210013,0.162428
0.05160536551,0.406469
0.05200611683,0.735034
0.05258790188,1.26473
0.05317005418,1.74603
0.05371902767,2.08381
0.05424930491,2.27696
0.05477916877,2.3481
0.05528234518,2.32937
0.05590850201,2.24074
0.05648500215,2.1369
0.05704558476,2.04483
0.05757303724,1.98073
0.0580951365,1.94339
0.05861653729,1.92986
0.05914750739,1.9343
0.05982650274,1.95418
0.06044430299,1.97634
0.06101713461,1.99432
0.06153488861,2.00586
0.06211118718,2.0127
0.06250704,2.01407
0.06263094385,2.01396
0.06273173689,2.01355
0.06280261329,2.01288
0.06289477505,2.01108
0.06302503373,2.0054
0.06322446298,1.9846
0.06346695768,1.93038
0.06370489916,1.83898
0.06392242839,1.71973
0.06412405739,1.57998
0.06431943375,1.42157
0.06452934725,1.23286
0.06472635794,1.04528
0.06494241252,0.836632
0.06518581991,0.608443
0.06542142046,0.403233
0.06566246377,0.216286
0.06589057967,0.0649588
0.06611842423,-0.059217
0.06633920592,-0.153455
0.06656181526,-0.223378
0.06678267076,-0.269676
0.06700645696,-0.295695
0.06723009553,-0.303655
0.06745554242,-0.296658
0.0676804081,-0.277905
0.06790562876,-0.250476
0.06812976956,-0.217466
0.06835337258,-0.181407
0.06857545072,-0.144656
0.06880481148,-0.107615
0.0690739566,-0.0673922
0.06940198562,-0.0253434
0.06983163886,0.0160185
0.07042398761,0.0480599
0.07097208245,0.0561441
0.07157492319,0.0489167
0.07219235484,0.0327823
0.07275957245,0.0164121
0.07327997346,0.00361072
0.07380153336,-0.00534942
0.07435905648,-0.0103188
0.07490617236,-0.011299
0.07500126003,-0.0111063
0.07501047252,-0.0110821
0.07503900154,-0.0110026
0.07507704022,-0.0108848
0.07514164085,-0.010636
0.0752114084,-0.0102331
0.07529377169,-0.00938906
0.0753933784,-0.0073374
0.07550420027,-0.00277185
0.07562628743,0.00658834
0.07576175954,0.024509
0.07594337649,0.0651035
0.07620210017,0.162428
0.07660536555,0.406469
0.07700611688,0.735034
0.07758790194,1.26473
0.07817005423,1.74603
0.07871902771,2.08381
0.07924930496,2.27696
0.07977916882,2.3481
0.08028234524,2.32937
0.0809085021,2.24074
0.08148500226,2.1369
0.08204558487,2.04483
0.08257303735,1.98073
0.08309513662,1.94339
0.08361653742,1.92986
0.08414750754,1.9343
0.08482650296,1.95418
0.08544430326,1.97634
0.08601713489,1.99432
0.08653488887,2.00586
0.08711118742,2.0127
0.08750704,2.01407
0.08763094385,2.01396
0.08773173689,2.01355
0.08780261329,2.01288
0.08789477505,2.01108
0.08802503373,2.0054
0.08822446298,1.9846
0.08846695768,1.93038
0.08870489916,1.83898
0.08892242839,1.71973
0.08912405739,1.57998
0.08931943375,1.42157
0.08952934725,1.23286
0.08972635794,1.04528
0.08994241252,0.836632
0.09018581991,0.608443
0.09042142046,0.403233
0.09066246377,0.216286
0.09089057967,0.0649588
0.09111842423,-0.059217
0.09133920592,-0.153455
0.09156181526,-0.223378
0.09178267076,-0.269676
0.09200645696,-0.295695
0.09223009553,-0.303655
0.09245554242,-0.296658
0.0926804081,-0.277905
0.09290562876,-0.250476
0.09312976956,-0.217466
0.09335337258,-0.181407
0.09357545072,-0.144656
0.09380481148,-0.107615
0.09407395661,-0.0673922
0.09440198562,-0.0253434
0.09483163886,0.0160185
0.09542398761,0.0480599
0.09597208245,0.0561441
0.09657492319,0.0489167
0.09719235484,0.0327823
0.09775957245,0.0164121
0.09827997346,0.00361072
0.09880153336,-0.00534942
0.09935905648,-0.0103188
0.09990617237,-0.011299
0.1,-0.0111095
