"TIME","U1:B(OP)"
0,2.17807e-005
2.049680292e-008,2.17824e-005
3.169339271e-008,2.17858e-005
5.408657228e-008,2.18056e-005
9.887293143e-008,2.19174e-005
1.884456497e-007,2.23517e-005
3.675910863e-007,2.34035e-005
7.258819595e-007,2.54165e-005
1e-006,2.69228e-005
1.071658175e-006,2.71704e-005
1.214974524e-006,2.73665e-005
1.501607222e-006,2.73514e-005
2.074872619e-006,2.73101e-005
3.221403414e-006,2.73207e-005
5.514465002e-006,2.73871e-005
1.010058818e-005,2.79192e-005
1.927283453e-005,3.20797e-005
2.778029927e-005,4.1547e-005
4.052384209e-005,7.11606e-005
5.50137719e-005,0.000135688
7.596867588e-005,0.000308543
0.0001030840228,0.00071635
0.0001417124086,0.00176788
0.0001947962195,0.00436998
0.0002714038782,0.0110968
0.000383188297,0.0285627
0.0005572141839,0.0764846
0.0008133638614,0.1942
0.001142570924,0.417178
0.001606067296,0.816472
0.002206777513,1.36288
0.002916686699,1.89805
0.003516542822,2.19266
0.004020707207,2.31757
0.004605524846,2.3438
0.005148206227,2.28984
0.006003067368,2.14976
0.00664490964,2.04631
0.007216529739,1.97785
0.007726330137,1.94205
0.008244877349,1.92877
0.008762096015,1.93319
0.009425172441,1.95277
0.009883969228,1.97002
0.01038663591,1.98762
0.01091627397,2.00179
0.01145478424,2.01056
0.01198020023,2.01398
0.01250704,2.01351
0.01254288,2.01329
0.01258384,2.01274
0.01266458799,2.00988
0.01276703059,2.00123
0.0129217877,1.97383
0.01311866511,1.91005
0.01339047491,1.76845
0.01364954213,1.58297
0.01386766855,1.39714
0.01406075606,1.2175
0.01424744719,1.03696
0.01444921665,0.841361
0.01464079876,0.660823
0.01484770702,0.477048
0.01508104872,0.289317
0.01532383861,0.12032
0.01556445442,-0.0181303
0.01579954782,-0.124724
0.01602731946,-0.201585
0.01625085203,-0.253333
0.016471833,-0.283677
0.01669302241,-0.296024
0.01691511702,-0.293249
0.01713881841,-0.278189
0.01736349638,-0.253748
0.01758879256,-0.222777
0.01781393729,-0.187994
0.01803862065,-0.151743
0.01826240919,-0.115994
0.01848507138,-0.0822665
0.01870603741,-0.0517088
0.01896234535,-0.0209042
0.01926807364,0.00854368
0.01966332326,0.0347617
0.02019717359,0.0515434
0.02075676114,0.051754
0.02134318498,0.040442
0.02191435666,0.0248252
0.02244388875,0.0107128
0.02301693188,-0.00109484
0.02355164578,-0.00784551
0.02406627079,-0.0105884
0.02458784522,-0.0104236
0.0250001,-0.00885221
0.02500111126,-0.00884153
0.02500570999,-0.00881677
0.02501045707,-0.00879063
0.02501995122,-0.00873468
0.02503893953,-0.0085954
0.02507691614,-0.00811301
0.02515286937,-0.00568288
0.02523010703,-0.00033543
0.02531490971,0.0099019
0.02543671985,0.0343211
0.02562885918,0.0987211
0.02590755481,0.247122
0.02627332369,0.521054
0.02679488554,0.990695
0.02741316239,1.53827
0.02803466441,1.97296
0.02858983078,2.22019
0.02909208909,2.3262
0.02964653896,2.33761
0.03021667307,2.27427
0.03080808419,2.1732
0.03132884799,2.08268
0.03185981445,2.00764
0.0323926769,1.95807
0.03289704181,1.93524
0.03344934485,1.93203
0.03403631931,1.94469
0.03460169276,1.96407
0.03511166794,1.98205
0.03563922518,1.99737
0.03617591153,2.00779
0.03668801304,2.01273
0.03724572841,2.01357
0.03750704,2.01264
0.03754288,2.0124
0.03758384,2.01184
0.03766557216,2.00889
0.03776812566,2.00013
0.03792380221,1.97236
0.03812094852,1.90815
0.03839380079,1.76546
0.03865213506,1.58011
0.03886974724,1.39458
0.03906262401,1.21511
0.03924936818,1.03459
0.0394510523,0.839206
0.03964278321,0.658702
0.03984997913,0.474915
0.04008375512,0.287179
0.04032638069,0.118688
0.04056707181,-0.019421
0.04080194808,-0.125566
0.04102971954,-0.202126
0.04125314299,-0.253594
0.04147416035,-0.28373
0.04169532488,-0.295901
0.04191746944,-0.292989
0.04214116807,-0.277829
0.04236587491,-0.253319
0.04259116061,-0.222315
0.04281631124,-0.187524
0.04304097804,-0.15129
0.0432647607,-0.115574
0.04348740296,-0.0818932
0.04370835031,-0.0513889
0.04396511805,-0.0205978
0.04427147052,0.00881378
0.04466788769,0.0349669
0.04520357326,0.051606
0.0457619705,0.0516657
0.04634724682,0.0403113
0.04691766241,0.0247098
0.04744682894,0.0106279
0.04801951721,-0.00114165
0.04855489823,-0.00787079
0.04907022564,-0.0105907
0.04959088117,-0.0104083
0.0500001,-0.00884377
0.05000111125,-0.00883309
0.05000570956,-0.00880835
0.0500104562,-0.00878223
0.05001994949,-0.00872631
0.05003893607,-0.00858712
0.05007690922,-0.00810495
0.05015285552,-0.00567567
0.05023005723,-0.000332551
0.05031484424,0.00989901
0.05043661609,0.0343015
0.05062870506,0.0986622
0.05090735847,0.247001
0.05127304682,0.520824
0.05179449067,0.990331
0.05241272427,1.53791
0.05303437224,1.97279
0.05358962006,2.22012
0.05409186692,2.32618
0.05464639438,2.33762
0.05521645462,2.27431
0.0558082897,2.17318
0.05632923089,2.08264
0.05686026094,2.0076
0.05739309451,1.95805
0.05789739954,1.93524
0.05844966551,1.93203
0.05903668211,1.94469
0.05960156185,1.96406
0.06011131161,1.98204
0.06063878588,1.99736
0.06117550402,2.00778
0.06168767824,2.01272
0.06224543838,2.01357
0.06250704,2.01264
0.06254288,2.0124
0.06258384,2.01184
0.06266557209,2.00889
0.06276812559,2.00013
0.06292380209,1.97236
0.06312094839,1.90815
0.0633938006,1.76546
0.06365213492,1.58011
0.06386974712,1.39458
0.06406262391,1.21512
0.06424936807,1.03459
0.06445105219,0.839206
0.0646427831,0.658702
0.064849979,0.474915
0.06508375496,0.28718
0.06532638054,0.118688
0.06556707166,-0.0194209
0.06580194794,-0.125566
0.0660297194,-0.202126
0.06625314286,-0.253594
0.06647416022,-0.28373
0.06669532474,-0.295901
0.06691746931,-0.292989
0.06714116793,-0.277829
0.06736587477,-0.253319
0.06759116048,-0.222315
0.06781631111,-0.187524
0.06804097791,-0.15129
0.06826476056,-0.115574
0.06848740283,-0.0818932
0.06870835017,-0.0513889
0.06896511789,-0.0205978
0.06927147032,0.00881376
0.06966788743,0.0349669
0.07020357289,0.051606
0.0707619702,0.0516657
0.07134724659,0.0403113
0.07191766222,0.0247098
0.07244682877,0.0106279
0.07301951705,-0.00114165
0.07355489804,-0.00787079
0.07407022541,-0.0105907
0.07459088099,-0.0104083
0.0750001,-0.00884377
0.07500111125,-0.00883309
0.07500570956,-0.00880835
0.0750104562,-0.00878223
0.07501994949,-0.00872631
0.07503893607,-0.00858712
0.07507690922,-0.00810495
0.07515285552,-0.00567567
0.07523005724,-0.000332551
0.07531484424,0.00989901
0.0754366161,0.0343015
0.07562870507,0.0986622
0.07590735849,0.247001
0.07627304685,0.520824
0.0767944907,0.990331
0.0774127243,1.53791
0.07803437226,1.97279
0.07858962008,2.22012
0.07909186694,2.32618
0.07964639439,2.33762
0.08021645464,2.27431
0.08080828969,2.17318
0.08132923086,2.08264
0.0818602609,2.0076
0.08239309447,1.95805
0.08289739951,1.93524
0.08344966548,1.93203
0.08403668208,1.94469
0.08460156186,1.96406
0.08511131164,1.98204
0.08563878592,1.99736
0.08617550406,2.00778
0.08668767826,2.01272
0.0872454384,2.01357
0.08750704,2.01264
0.08754288,2.0124
0.08758384,2.01184
0.08766557209,2.00889
0.08776812559,2.00013
0.08792380209,1.97236
0.08812094839,1.90815
0.0883938006,1.76546
0.08865213492,1.58011
0.08886974712,1.39458
0.08906262391,1.21512
0.08924936807,1.03459
0.08945105219,0.839206
0.0896427831,0.658702
0.089849979,0.474915
0.09008375496,0.28718
0.09032638054,0.118688
0.09056707166,-0.0194209
0.09080194794,-0.125566
0.0910297194,-0.202126
0.09125314286,-0.253594
0.09147416022,-0.28373
0.09169532474,-0.295901
0.09191746931,-0.292989
0.09214116793,-0.277829
0.09236587477,-0.253319
0.09259116048,-0.222315
0.09281631111,-0.187524
0.09304097791,-0.15129
0.09326476056,-0.115574
0.09348740283,-0.0818932
0.09370835017,-0.0513889
0.09396511789,-0.0205978
0.09427147032,0.00881376
0.09466788743,0.0349669
0.09520357289,0.051606
0.0957619702,0.0516657
0.09634724659,0.0403113
0.09691766222,0.0247098
0.09744682877,0.0106279
0.09801951705,-0.00114165
0.09855489804,-0.00787079
0.09907022541,-0.0105907
0.09959088099,-0.0104083
0.1,-0.00884457
