"TIME","U1:D(OP)"
0.4,-4.19426
0.4000001,-4.19209
0.4000003,-4.18845
0.4000004307,-4.18774
0.400001013,-4.18919
0.4000010718,-4.19066
0.4000011521,-4.19394
0.4000012327,-4.19593
0.4000013438,-4.19651
0.4000064139,-4.20483
0.4000208357,-4.22668
0.4000400648,-4.25166
0.4000785231,-4.28739
0.4001554396,-4.30225
0.4003092727,-4.11305
0.4006169388,-2.96687
0.4007752686,-2.02593
0.4008571216,-1.4585
0.4008995862,-1.145
0.400917446,-1.00958
0.4009279559,-0.928953
0.4009361804,-0.865416
0.4009440492,-0.804277
0.4009597867,-0.681007
0.4009912618,-0.430753
0.401054212,0.0823749
0.4011801123,1.13872
0.401431913,3.19118
0.4016822466,4.88342
0.4017922423,5.46472
0.4018931946,5.87983
0.4019436335,6.04016
0.4020114519,6.20165
0.4020751896,6.29517
0.4021579939,6.33144
0.4023015529,6.17094
0.4024096378,5.8704
0.4025014632,5.50077
0.4025512644,5.25851
0.4025716531,5.15114
0.4025850686,5.07798
0.4025959299,5.01734
0.4026057524,4.96143
0.4026253976,4.84664
0.4026646879,4.60566
0.4027432684,4.08236
0.4029004295,2.9106
0.4031233648,1.12216
0.4033758469,-0.784788
0.4033931325,-0.908744
0.4034277038,-1.15081
0.4034374976,-1.21779
0.4034452883,-1.27053
0.4034496398,-1.29975
0.4034578837,-1.35466
0.4034656328,-1.4057
0.403478755,-1.49085
0.4035029114,-1.6432
0.4035449208,-1.89388
0.4036036009,-2.21175
0.403655985,-2.46203
0.4037129152,-2.69649
0.4037789902,-2.91784
0.4039111402,-3.19312
0.4041754402,-3.09854
0.4043864636,-2.45772
0.4045224501,-1.80789
0.404606986,-1.32108
0.4046397966,-1.11636
0.4046563005,-1.01029
0.4046628227,-0.967828
0.4046680914,-0.93331
0.404673672,-0.896544
0.4046800132,-0.854514
0.4046926956,-0.76967
0.4047180604,-0.596968
0.4047687899,-0.240603
0.4048702491,0.50622
0.4050731673,2.04799
0.4053193316,3.7843
0.4055794733,5.17071
0.4056899463,5.57346
0.4057798439,5.79871
0.4058740196,5.92506
0.4059786303,5.929
0.4061204115,5.70787
0.4062132918,5.42634
0.4062668755,5.2166
0.4062888045,5.12108
0.4063044323,5.04965
0.4063179381,4.98575
0.4063331796,4.91126
0.4063636627,4.75497
0.4064246288,4.41484
0.4065465611,3.64049
0.406770859,2.01375
0.4070012203,0.288507
0.4071546864,-0.782111
0.4072389635,-1.31479
0.4072838912,-1.57692
0.4073183456,-1.7655
0.4073545774,-1.95081
0.4074270408,-2.27786
0.4074732699,-2.45495
0.4075344049,-2.64977
0.4076296841,-2.86167
0.4078202425,-2.95242
0.4081375417,-2.2124
0.4082566397,-1.66988
0.4084018447,-0.848906
0.4084480547,-0.554286
0.4084701634,-0.408263
0.408490778,-0.269504
0.4085094043,-0.142146
0.4085360689,0.0431502
0.4085893982,0.422647
0.4086960568,1.20474
0.4089093739,2.75595
0.4091483663,4.26847
0.4093057921,5.03999
0.4093155808,5.08135
0.4093351582,5.16148
0.4093512766,5.22441
0.4093673099,5.28412
0.409379497,5.3275
0.409386651,5.35213
0.409400959,5.39955
0.4094242407,5.47135
0.4094708042,5.59454
0.409554137,5.7453
0.409684471,5.79903
0.4098321148,5.59564
0.409915669,5.35961
0.4099597615,5.20095
0.4099810771,5.11603
0.4099954868,5.05564
0.4100089467,4.99713
0.4100237507,4.93047
0.4100533587,4.79009
0.4101125747,4.48259
0.4102310067,3.77469
0.4104678708,2.12374
0.4106967774,0.445725
0.4109606011,-1.24922
0.4110672505,-1.8105
0.4111264925,-2.0799
0.4112009035,-2.36539
0.4112497111,-2.51852
0.4113183899,-2.68581
0.4114557474,-2.84864
0.4117304625,-2.52421
0.4118862507,-1.98352
0.4119839863,-1.52521
0.4120395507,-1.22727
0.4120615376,-1.10232
0.412070747,-1.04885
0.4120811497,-0.987689
0.4120873556,-0.950823
0.4120993369,-0.878872
0.4121232996,-0.732003
0.4121712249,-0.427235
0.4122670755,0.218833
0.4124587768,1.58733
0.4127106823,3.32478
0.4129663146,4.74109
0.4130014411,4.8988
0.413071694,5.18152
0.4131034773,5.29293
0.4131233986,5.35701
0.4131425273,5.41413
0.4131606912,5.46426
0.413197019,5.55217
0.4132696746,5.67747
0.4134149857,5.72317
0.4135673567,5.48301
0.4136480179,5.24
0.4136819669,5.11443
0.4136965044,5.05653
0.4137075378,5.01099
0.4137182187,4.9656
0.4137304716,4.91198
0.4137549773,4.79989
0.4138039888,4.55711
0.4139020117,4.00471
0.4140980576,2.7056
0.4143248019,1.05908
0.4145827656,-0.695046
0.4146919142,-1.34333
0.4147588419,-1.69726
0.4148008562,-1.89863
0.4148485862,-2.10506
0.4149144632,-2.34797
0.4149706972,-2.51529
0.415035429,-2.66095
0.4151648925,-2.80001
0.4154238194,-2.50099
0.4155760134,-1.99182
0.415669868,-1.5659
0.4157297896,-1.25324
0.4157531199,-1.1234
0.4157628492,-1.06797
0.4157686243,-1.03473
0.4157740376,-1.00334
0.4157806169,-0.964895
0.4157929322,-0.892101
0.4158175629,-0.743341
0.4158668242,-0.434043
0.4159653467,0.223478
0.4161623919,1.61877
0.4164140426,3.33849
0.416670636,4.74184
0.4167057561,4.89684
0.4167759963,5.17417
0.4167963251,5.24527
0.4168078809,5.28378
0.4168196723,5.32148
0.4168271185,5.34443
0.4168416974,5.38744
0.4168639983,5.44819
0.4169086002,5.55111
0.4169895802,5.67311
0.4171515403,5.66407
0.4173050533,5.35205
0.4173653118,5.15111
0.4174002268,5.01519
0.4174151402,4.95288
0.4174286162,4.89445
0.4174433421,4.82835
0.4174611066,4.74553
0.4174966358,4.57017
0.417567694,4.18338
0.4177098105,3.29188
0.4179344801,1.69967
0.4181707584,0.0168223
0.4183135067,-0.911338
0.4183224786,-0.966943
0.4183404222,-1.07659
0.4183570783,-1.17612
0.4183612423,-1.20059
0.4183728665,-1.26823
0.4183780126,-1.29781
0.4183868841,-1.34826
0.4183952892,-1.39539
0.418409125,-1.47152
0.4184348404,-1.60807
0.4184805363,-1.8341
0.4185503312,-2.13578
0.4186333786,-2.4224
0.4187102774,-2.6151
0.4187810664,-2.72938
0.4189226443,-2.77702
0.4192058002,-2.20732
0.4193286362,-1.70481
0.4194679762,-0.976929
0.4195103228,-0.725051
0.4195307661,-0.598816
0.4195466035,-0.499128
0.4195619697,-0.400928
0.4195831234,-0.263508
0.4196254309,0.0183489
0.4197100458,0.604383
0.4198792756,1.81583
0.4201243738,3.47583
0.4203741071,4.80616
0.4204084721,4.95156
0.4204772022,5.21062
0.4205030536,5.29565
0.4205240785,5.35925
0.4205434018,5.41308
0.4205609591,5.45806
0.4205960735,5.53647
0.4206663024,5.64623
0.4208067601,5.67529
0.4209722847,5.391
0.4210415526,5.17256
0.4210743445,5.04933
0.421088711,4.99143
0.4211017593,4.93684
0.4211143121,4.88255
0.4211298635,4.81293
0.4211609663,4.66606
0.4212231719,4.34365
0.4213475831,3.60076
0.4215833867,1.97309
0.4218143958,0.318833
0.4220485839,-1.15898
0.4221489164,-1.68777
0.4222207909,-2.01248
0.4222916113,-2.2798
0.4223536193,-2.46745
0.4224191896,-2.6166
0.4225503304,-2.76007
0.422812612,-2.45855
0.4229645403,-1.95029
0.4230620068,-1.50729
0.4231157739,-1.22698
0.4231372984,-1.10801
0.4231463069,-1.05712
0.4231565432,-0.998541
0.4231627188,-0.962823
0.4231745644,-0.893539
0.4231982555,-0.752016
0.4232456379,-0.457954
0.4233404027,0.167035
0.4235299322,1.49807
0.4237798259,3.2101
0.4240348317,4.63436
0.4241905997,5.24885
0.4242661986,5.46037
0.4243235383,5.57708
0.4243849991,5.657
0.4244760931,5.68658
0.424658281,5.43226
0.4247421633,5.17864
0.4247784506,5.04309
0.4247946066,4.97786
0.4248093544,4.91577
0.4248233261,4.85475
0.424841209,4.7736
0.4248769746,4.60137
0.424948506,4.22003
0.4250915687,3.3361
0.4253161978,1.75866
0.4255526223,0.0803384
0.4256990203,-0.870935
0.4257820083,-1.35407
0.4258300974,-1.60929
0.4258669216,-1.79021
0.4259058544,-1.96637
0.4259837199,-2.26827
0.4260301184,-2.41514
0.4260996926,-2.58746
0.4262057762,-2.73783
0.4264179435,-2.6426
0.4265731262,-2.2578
0.4267020611,-1.75372
0.4268244934,-1.13869
0.4268637748,-0.915109
0.426881845,-0.808291
0.4268944431,-0.73244
0.4269064858,-0.658926
0.4269214423,-0.566309
0.4269513552,-0.376957
0.4270111811,0.016382
0.4271308328,0.845413
0.4273701361,2.53079
0.4276095019,4.03412
0.4278675159,5.18297
0.4279787322,5.48575
0.4280678754,5.62746
0.4281625199,5.67069
0.4282498481,5.61032
0.4284245047,5.20981
0.4284730816,5.03375
0.4284990013,4.92873
0.4285234434,4.82291
0.428547547,4.71232
0.4285898713,4.50386
0.42867452,4.03734
0.4288438173,2.95166
0.4290690324,1.3483
0.4293226709,-0.393331
0.4294624176,-1.23372
0.4295312272,-1.59874
0.4295835141,-1.84799
0.4296398682,-2.08518
0.4297062088,-2.3192
0.4297569876,-2.46398
0.4298254123,-2.61051
0.4299622616,-2.73504
0.4302359603,-2.35065
0.4303863109,-1.8072
0.4304839807,-1.34059
0.4305276796,-1.10508
0.4305594588,-0.924299
0.4305704144,-0.860197
0.4305811648,-0.796455
0.4305913328,-0.735424
0.4306012624,-0.675145
0.4306211217,-0.552653
0.4306608402,-0.30044
0.4307402772,0.228481
0.4308991513,1.34479
0.4311523829,3.09153
0.4313989982,4.5068
0.4315582435,5.1716
0.4316350226,5.40459
0.4317082584,5.56397
0.431758607,5.63557
0.4318222136,5.67995
0.4319494268,5.61329
0.4320454945,5.42801
0.4321047424,5.25733
0.4321285929,5.17673
0.4321465082,5.11178
0.4321631097,5.04829
0.4321818337,4.97298
0.4322192817,4.81086
0.4322941778,4.44355
0.4324439699,3.56471
0.4326751318,1.97563
0.4329122522,0.287676
0.4331176385,-1.02329
0.4332024822,-1.49365
0.4332846899,-1.89017
0.4333313333,-2.08554
0.4333884393,-2.29225
0.4334376706,-2.4404
0.4335012864,-2.58926
0.433628518,-2.74104
0.4338829813,-2.48779
0.434035191,-2.00541
0.4341275439,-1.60221
0.4341943586,-1.26321
0.4342194774,-1.12604
0.4342300255,-1.06693
0.4342368268,-1.02835
0.4342432689,-0.991496
0.4342511384,-0.946057
0.4342647482,-0.866418
0.4342919679,-0.703276
0.4343464074,-0.362782
0.4344552862,0.363816
0.4346730439,1.89644
0.4349184424,3.53182
0.4351798097,4.87965
0.4352143339,5.01789
0.4352833822,5.26178
0.4353080172,5.33695
0.4353310311,5.40089
0.4353592124,5.47048
0.435388994,5.53331
0.4354485574,5.62523
0.435567684,5.67224
0.4357733972,5.33558
0.4358388962,5.12014
0.4358851316,4.93806
0.4359049681,4.85256
0.4359228283,4.77192
0.4359471206,4.65686
0.4359776814,4.50363
0.4360388031,4.17078
0.4361610466,3.41625
0.4363852485,1.84935
0.4366168474,0.19752
0.4367751805,-0.838482
0.4367858461,-0.904844
0.4368071774,-1.0354
0.4368283861,-1.16173
0.4368457185,-1.2622
0.4368530754,-1.30406
0.4368601841,-1.34405
0.4368686239,-1.39092
0.436877393,-1.43892
0.4368949312,-1.53271
0.4369300076,-1.7111
0.4369991725,-2.02479
0.437072989,-2.3008
0.4371214659,-2.44785
0.4371926225,-2.61286
0.4373349355,-2.75977
0.4376195615,-2.36617
0.4377725884,-1.80483
0.4378754467,-1.30469
0.4379132827,-1.09761
0.4379274463,-1.01708
0.4379358576,-0.968516
0.4379435808,-0.923465
0.4379524336,-0.871294
0.437963589,-0.804764
0.4379858998,-0.669152
0.4380305214,-0.388424
0.4381197647,0.204897
0.4382982512,1.46301
0.4385486262,3.18604
0.4388006003,4.60747
0.4389560626,5.23336
0.4390313291,5.45075
0.4390932919,5.58086
0.4391583583,5.6663
0.4392378574,5.69721
0.4393968556,5.51825
0.4394745204,5.31663
0.4395122969,5.19216
0.4395497266,5.05241
0.4395621793,5.00234
0.4395743112,4.9519
0.4395875504,4.895
0.4396007217,4.83651
0.4396270641,4.71402
0.4396797491,4.44808
0.4397851189,3.84208
0.4399958587,2.42646
0.4402235969,0.782949
0.4404815966,-0.91154
0.4405881102,-1.50764
0.4406864104,-1.97257
0.4407388139,-2.18161
0.440798659,-2.38322
0.4408769777,-2.58382
0.4409565469,-2.71244
0.4411156853,-2.74346
0.4414339621,-1.98833
0.4415538741,-1.44344
0.4416229939,-1.07176
0.4416552132,-0.885332
0.4416686129,-0.805478
0.4416790342,-0.74249
0.4416891592,-0.680581
0.4417000641,-0.613145
0.4417218738,-0.476011
0.4417654931,-0.1934
0.4418527319,0.399177
0.4420272094,1.64006
0.4422898667,3.42377
0.4425389771,4.76474
0.4425741749,4.91705
0.4426445703,5.18867
0.4426731495,5.28463
0.4426914687,5.34136
0.4427088346,5.39148
0.4427256501,5.43655
0.4427592811,5.51617
0.4428265431,5.63241
0.4429610672,5.69026
0.443148418,5.39161
0.4432216937,5.15802
0.4432572995,5.02164
0.4432728846,4.95736
0.4432870442,4.89661
0.4433012737,4.83337
0.4433190842,4.75116
0.4433547054,4.57694
0.4434259476,4.19213
0.443568432,3.30346
0.4437931428,1.7169
0.444029518,0.0366211
0.4441733061,-0.897267
0.4442461135,-1.32445
0.4442878711,-1.55096
0.444320596,-1.71734
0.4443546684,-1.8791
0.4444228131,-2.16474
0.4444832652,-2.37398
0.4445565353,-2.56979
0.4446269863,-2.69714
0.4447678885,-2.77262
0.4450496928,-2.26037
0.4451971649,-1.66912
0.4453343146,-0.949735
0.4453832541,-0.657144
0.4454053195,-0.519645
0.4454237494,-0.402412
0.4454418286,-0.285456
0.445465505,-0.129578
0.4455128578,0.190321
0.4456075634,0.854364
0.4457969746,2.20807
0.4460355119,3.77314
0.4462970971,5.04479
0.4464110303,5.40764
0.4465170886,5.61519
0.4465763674,5.6722
0.446650706,5.68079
0.4467993833,5.48868
0.446873051,5.29227
0.4469063739,5.18193
0.4469192765,5.13567
0.4469358698,5.07334
0.4469466445,5.03119
0.4469605638,4.97482
0.4469884022,4.8557
0.4470440792,4.5931
0.4471554332,3.98118
0.4473781411,2.51657
0.4476061186,0.880976
0.4478689698,-0.849405
0.4479772569,-1.45961
0.4480783424,-1.94108
0.4481243785,-2.1278
0.4481858575,-2.34086
0.4482434393,-2.50083
0.4483124663,-2.64057
0.4484505202,-2.74877
0.448726628,-2.32391
0.4488760711,-1.76502
0.449039717,-0.930098
0.4490911432,-0.623906
0.4491156755,-0.471254
0.4491361414,-0.341008
0.4491562215,-0.210869
0.4491850789,-0.0201344
0.4492427936,0.372516
0.4493582229,1.18712
0.4495890817,2.80361
0.4498272894,4.24516
0.45,5.03336
