"TIME","Out"
0,3.27266e-005
9.887293143e-008,3.27278e-005
3.675910863e-007,3.27315e-005
1.071658175e-006,3.27296e-005
1.501607222e-006,3.27259e-005
1.010058818e-005,3.27291e-005
1.927283453e-005,3.27371e-005
2.778030135e-005,3.27534e-005
4.052384472e-005,3.28138e-005
5.501377671e-005,3.2999e-005
7.596868175e-005,3.38049e-005
0.000103084031,3.70622e-005
0.0001341646893,4.7307e-005
0.0001646902226,6.9711e-005
0.0002032903817,0.000129626
0.0002461097627,0.000264556
0.0002978146178,0.000583904
0.0003590983168,0.00131081
0.0004344998861,0.00300389
0.0005275918731,0.00691423
0.0006456232012,0.0160732
0.0007985157373,0.0376503
0.001002262765,0.0885784
0.001301628272,0.216892
0.001692548884,0.474831
0.002135175889,0.852081
0.002635175889,1.3105
0.003135175889,1.72619
0.003635175889,2.0452
0.004135175889,2.24554
0.004635175889,2.33311
0.005135175889,2.33182
0.005635175889,2.27297
0.006135175889,2.18701
0.006635175889,2.09845
0.007135175889,2.02362
0.007635175889,1.97077
0.008135175889,1.94143
0.008635175889,1.93252
0.009135175889,1.93845
0.009635175889,1.95302
0.01013517589,1.97068
0.01063517589,1.98726
0.01113517589,2.00025
0.01163517589,2.00864
0.01213517589,2.01257
0.01263517589,2.0129
0.01313517589,2.01084
0.01413517589,2.00411
0.01463517589,2.0011
0.01513517589,1.99893
0.01563517589,1.99767
0.01610515951,1.99724
0.01710515951,1.9979
0.01860515951,1.99978
0.01960515951,2.00032
0.02,2.00026
